1.009767940098370
3.3459109747160400
6.524583409462880
2.581680658718440
0.49049103916829900
3.004803721369640
2.15233510543096
1.8544119940240800
0.8224892294711570
0.5061631630159520
2.2974560783027000
0.8159754981671210
1.2189812549680800
1.3285617436656100
1.5585945021130000
2.476288067853480
2.4670138393844700
2.217054521780380
1.1918776791577500
1.4029662054025300
2.6949429094235500
2.6507112084015400
2.4696667293088800
2.5448517962264400
0.49049103916829900
3.004803721369640
2.15233510543096
1.8544119940240800
0.8224892294711570
0.5061631630159520
2.2974560783027000
0.8159754981671210
1.2189812549680800
1.3285617436656100
1.5585945021130000
2.476288067853480
2.4670138393844700
2.217054521780380
1.4029662054025300
2.6949429094235500
2.6507112084015400
2.4696667293088800
2.5448517962264400
0.49049103916829900
3.004803721369640
2.15233510543096
1.8544119940240800
0.8224892294711570
0.5061631630159520
2.2974560783027000
0.8159754981671210
1.009767940098370
3.3459109747160400
6.524583409462880
2.581680658718440
0.49049103916829900
3.004803721369640
2.15233510543096
1.8544119940240800
2.6507112084015400
2.4696667293088800
2.5448517962264400
0.49049103916829900
3.004803721369640
2.15233510543096
1.8544119940240800
0.8224892294711570
0.5061631630159520
2.2974560783027000
0.8159754981671210
1.009767940098370
3.3459109747160400
6.524583409462880
2.581680658718440
3.004803721369640
2.15233510543096
1.8544119940240800
0.8224892294711570
0.5061631630159520
2.2974560783027000
0.8159754981671210
1.2189812549680800
1.3285617436656100
1.5585945021130000
2.476288067853480
2.4670138393844700
2.217054521780380
1.1918776791577500
3.004803721369640
2.15233510543096
1.8544119940240800
0.8224892294711570
0.5061631630159520
2.2974560783027000
0.8159754981671210
1.2189812549680800
1.3285617436656100
1.5585945021130000
2.476288067853480
2.4670138393844700
2.217054521780380
1.1918776791577500
1.009767940098370
3.3459109747160400
6.524583409462880
2.581680658718440
0.49049103916829900
3.004803721369640
2.15233510543096
1.8544119940240800
0.8224892294711570
0.5061631630159520
2.2974560783027000
0.8159754981671210
1.2189812549680800
1.3285617436656100
1.5585945021130000
2.476288067853480
2.4670138393844700
2.217054521780380
1.1918776791577500
1.4029662054025300
2.6949429094235500
2.6507112084015400
2.4696667293088800
2.5448517962264400
0.49049103916829900
3.004803721369640
2.15233510543096
1.8544119940240800
0.8224892294711570
0.5061631630159520
2.2974560783027000
0.8159754981671210
1.2189812549680800
1.3285617436656100
1.5585945021130000
2.476288067853480
2.4670138393844700
2.217054521780380
1.4029662054025300
2.6949429094235500
2.6507112084015400
2.4696667293088800
2.5448517962264400
0.49049103916829900
3.004803721369640
2.15233510543096
1.8544119940240800
0.8224892294711570
0.5061631630159520
2.2974560783027000
0.8159754981671210
1.009767940098370
3.3459109747160400
6.524583409462880
2.581680658718440
0.49049103916829900
3.004803721369640
2.15233510543096
1.8544119940240800
2.6507112084015400
2.4696667293088800
2.5448517962264400
0.49049103916829900
3.004803721369640
2.15233510543096
1.8544119940240800
0.8224892294711570
0.5061631630159520
2.2974560783027000
0.8159754981671210
1.009767940098370
3.3459109747160400
6.524583409462880
2.581680658718440
3.004803721369640
2.15233510543096
1.8544119940240800
0.8224892294711570
0.5061631630159520
2.2974560783027000
0.8159754981671210
1.2189812549680800
1.3285617436656100
1.5585945021130000
2.476288067853480
2.4670138393844700
2.217054521780380
1.1918776791577500
3.004803721369640
2.15233510543096
1.8544119940240800
0.8224892294711570
0.5061631630159520
2.2974560783027000
0.8159754981671210
1.2189812549680800
1.3285617436656100
1.5585945021130000
2.476288067853480
2.4670138393844700
2.217054521780380
1.1918776791577500
2.581680658718440
3.004803721369640
2.15233510543096
1.8544119940240800
0.8224892294711570
0.5061631630159520
2.2974560783027000
0.8159754981671210
1.2189812549680800
1.3285617436656100
1.5585945021130000
2.476288067853480
2.4670138393844700
2.217054521780380
1.1918776791577500
3.004803721369640
2.15233510543096
0.5061631630159520
2.2974560783027000
0.8159754981671210
1.2189812549680800
1.3285617436656100
1.5585945021130000
2.476288067853480
2.4670138393844700
2.217054521780380
1.1918776791577500
1.009767940098370
3.3459109747160400
6.524583409462880
2.581680658718440
0.49049103916829900
3.004803721369640
2.15233510543096
1.8544119940240800
0.8224892294711570
0.5061631630159520
2.2974560783027000
0.8159754981671210
1.2189812549680800
1.3285617436656100
1.5585945021130000
2.476288067853480
2.4670138393844700
2.217054521780380
1.1918776791577500
1.4029662054025300
2.6949429094235500
2.6507112084015400
2.4696667293088800
2.5448517962264400
0.49049103916829900
3.004803721369640
2.15233510543096
1.8544119940240800
0.8224892294711570
0.5061631630159520
2.2974560783027000
0.8159754981671210
1.2189812549680800
1.3285617436656100
1.5585945021130000
2.476288067853480
2.4670138393844700
2.217054521780380
1.4029662054025300
2.6949429094235500
2.6507112084015400
2.4696667293088800
2.5448517962264400
0.49049103916829900
3.004803721369640
2.15233510543096
1.8544119940240800
0.8224892294711570
0.5061631630159520
2.2974560783027000
0.8159754981671210
1.009767940098370
3.3459109747160400
6.524583409462880
2.581680658718440
0.49049103916829900
3.004803721369640
2.15233510543096
1.8544119940240800
2.6507112084015400
2.4696667293088800
2.5448517962264400
0.49049103916829900
3.004803721369640
2.15233510543096
1.8544119940240800
0.8224892294711570
0.5061631630159520
2.2974560783027000
0.8159754981671210
1.009767940098370
3.3459109747160400
6.524583409462880
2.581680658718440
3.004803721369640
2.15233510543096
1.8544119940240800
0.8224892294711570
0.5061631630159520
2.2974560783027000
0.8159754981671210
1.2189812549680800
1.3285617436656100
1.5585945021130000
2.476288067853480
2.4670138393844700
2.217054521780380
1.1918776791577500
